-984.769821
-984.729188
-984.643166
-984.557205
-984.512376
-984.522653
-984.576162
-984.642393
-984.692218
-984.709997
-984.699303
-984.672851
-984.645521
-984.629649
-984.627357
-984.637700
-984.656862
-984.674624
-984.678792
-984.669595
-984.648247
-984.620236
-984.596799
-984.588891
-984.601139
-984.627365
-984.658398
-984.685328
-984.694514
-984.687923
-984.671135
-984.652269
-984.638660
-984.633512
-984.639352
-984.647491
-984.654850
-984.653962
-984.644851
-984.630457
-984.620123
-984.614892
-984.623518
-984.642470
-984.663312
-984.680375
-984.684203
-984.674483
-984.656542
-984.637520
-984.624209
-984.624849
-984.639835
-984.659895
-984.674963
-984.682237
-984.674461
-984.654601
-984.629046
-984.611460
-984.613848
-984.634229
-984.663393
-984.690315
-984.707442
-984.712295
-984.700690
-984.678914
-984.654215
-984.630735
-984.614045
-984.608796
-984.617781
-984.633271
-984.648001
-984.657680
-984.656960
-984.648926
-984.637848
-984.625556
-984.620626
-984.618079
-984.617769
-984.619139
-984.620110
-984.619025
-984.616866
-984.619641
-984.626546
-984.640079
-984.650034
-984.657466
-984.656618
-984.646763
-984.635182
-984.621144
-984.614753
-984.612431
-984.615712
-984.624527
-984.632758
-984.638985
-984.644244
-984.645754
-984.646752
-984.646723
-984.644609
-984.641310
-984.638824
-984.638485
-984.636830
-984.634384
-984.629767
-984.620944
-984.613842
-984.610091
-984.611153
-984.621186
-984.635239
-984.652132
-984.666300
-984.671927
-984.673102
-984.672554
-984.666470
-984.656014
-984.645691
-984.633144
-984.624848
-984.619876
-984.623202
-984.630324
-984.642108
-984.655041
-984.668167
-984.678135
-984.682382
-984.678757
-984.667580
-984.652692
-984.638113
-984.627338
-984.623196
-984.622828
-984.625865
-984.631626
-984.637296
-984.641777
-984.643718
-984.644234
-984.638758
-984.631214
-984.623339
-984.618920
-984.619882
-984.622875
-984.629482
-984.633816
-984.634907
-984.631006
-984.625713
-984.618255
-984.610561
-984.605220
-984.603788
-984.607992
-984.614129
-984.621060
-984.624138
-984.624455
-984.624823
-984.622866
-984.622521
-984.621278
-984.622225
-984.623088
-984.624382
-984.624719
-984.621512
-984.622093
-984.621586
-984.625235
-984.629803
-984.637625
-984.645721
-984.654999
-984.660639
-984.660898
-984.652381
-984.640570
-984.630027
-984.627526
-984.632774
-984.640625
-984.646185
-984.649953
-984.648571
-984.647345
-984.648472
-984.652872
-984.659647
-984.663009
-984.662328
-984.656851
-984.646504
-984.635695
-984.627027
-984.622022
-984.620896
-984.617202
-984.615802
-984.618958
-984.622918
-984.631064
-984.641459
-984.651241
-984.656365
-984.652715
-984.645890
-984.635330
-984.623616
-984.610537
-984.601053
-984.599861
-984.607941
-984.622730
-984.642402
-984.663049
-984.679331
-984.686701
-984.683084
-984.668978
-984.647193
-984.624192
-984.604277
-984.597518
-984.603785
-984.621458
-984.643807
-984.664654
-984.678273
-984.678620
-984.670356
-984.657553
-984.644996
-984.638943
-984.641664
-984.650151
-984.663047
-984.670416
-984.668601
-984.657169
-984.639711
-984.624907
-984.616839
-984.615513
-984.620628
-984.626241
-984.632283
-984.639187
-984.643378
-984.641801
-984.636037
-984.630368
-984.621285
-984.612267
-984.606643
-984.605977
-984.608137
-984.612295
-984.615412
-984.616349
-984.613779
-984.610816
-984.610909
-984.615466
-984.621303
-984.627307
-984.630730
-984.630257
-984.624253
-984.611632
-984.598230
-984.592032
-984.596674
-984.610089
-984.627980
-984.645926
-984.657925
-984.660497
-984.652810
-984.640766
-984.623796
-984.606836
-984.596058
-984.595623
-984.606427
-984.623202
-984.639004
-984.645937
-984.645355
-984.635025
-984.621701
-984.609170
-984.605662
-984.606723
-984.617496
-984.628114
-984.638342
-984.642199
-984.639842
-984.633112
-984.622211
-984.613700
-984.607733
-984.609852
-984.617300
-984.624825
-984.633582
-984.636379
-984.633693
-984.629629
-984.624411
-984.622494
-984.621737
-984.622500
-984.627044
-984.627998
-984.626748
-984.622477
-984.616638
-984.610315
-984.605933
-984.605732
-984.603931
-984.603110
-984.606421
-984.611712
-984.620269
-984.632130
-984.640264
-984.644151
-984.642052
-984.635517
-984.629541
-984.621071
-984.611779
-984.605312
-984.603519
-984.606434
-984.612823
-984.622146
-984.631519
-984.638608
-984.645042
-984.650393
-984.649613
-984.643630
-984.632123
-984.622857
-984.614445
-984.610120
-984.609077
-984.611672
-984.617369
-984.624627
-984.632954
-984.640923
-984.644799
-984.643997
-984.640211
-984.633972
-984.624401
-984.616028
-984.609069
-984.604745
-984.601318
-984.604662
-984.610960
-984.619407
-984.625809
-984.627745
-984.624962
-984.620661
-984.612899
-984.607171
-984.607119
-984.612237
-984.623150
-984.635494
-984.649668
-984.653234
-984.653269
-984.647023
-984.635821
-984.622725
-984.612071
-984.606516
-984.609326
-984.615511
-984.624953
-984.632698
-984.634016
-984.633027
-984.627679
-984.621102
-984.614498
-984.609961
-984.610026
-984.614520
-984.621167
-984.625367
-984.626115
-984.626290
-984.625932
-984.625833
-984.624813
-984.625266
-984.623307
-984.619989
-984.620789
-984.626861
-984.629029
-984.630624
-984.629802
-984.625938
-984.622027
-984.618197
-984.618218
-984.616774
-984.616233
-984.615478
-984.614711
-984.612896
-984.611659
-984.609021
-984.607388
-984.608238
-984.610287
-984.613027
-984.613737
-984.612638
-984.609615
-984.606411
-984.602125
-984.601558
-984.605840
-984.612214
-984.618936
-984.625620
-984.625599
-984.622736
-984.618717
-984.613606
-984.608098
-984.606307
-984.606582
-984.608477
-984.614738
-984.620657
-984.624783
-984.624670
-984.626156
-984.623890
-984.621589
-984.621160
-984.618982
-984.618577
-984.615939
-984.612201
-984.609744
-984.607890
-984.610467
-984.615144
-984.618897
-984.621650
-984.623596
-984.626382
-984.627859
-984.629547
-984.628748
-984.626511
-984.620929
-984.614026
-984.606522
-984.599741
-984.598623
-984.600117
-984.604431
-984.609515
-984.611207
-984.609664
-984.607649
-984.607916
-984.607382
-984.608579
-984.608162
-984.608321
-984.608616
-984.607577
-984.609642
-984.611823
-984.612100
-984.612327
-984.614361
-984.616192
-984.619727
-984.620126
-984.619561
-984.615935
-984.609648
-984.601015
-984.596215
-984.597928
-984.604582
-984.615586
-984.626493
-984.631227
-984.632867
-984.626736
-984.614371
-984.601434
-984.593886
-984.593995
-984.599590
-984.607142
-984.616557
-984.621384
-984.618306
-984.610461
-984.601026
-984.593626
-984.590622
-984.592894
-984.598395
-984.604000
-984.608734
-984.611588
-984.613486
-984.609780
-984.605880
-984.598926
-984.592892
-984.593570
-984.595738
-984.599611
-984.604797
-984.608036
-984.608123
-984.602874
-984.597930
-984.594824
-984.593809
-984.594493
-984.597772
-984.601243
-984.603399
-984.607135
-984.608464
-984.609664
-984.611102
-984.616264
-984.620846
-984.624654
-984.624268
-984.621156
-984.618174
-984.618772
-984.621450
-984.626578
-984.629058
-984.628517
-984.627107
-984.626469
-984.623990
-984.621487
-984.616610
-984.612808
-984.611616
-984.611583
-984.612569
-984.609484
-984.608657
-984.606022
-984.604917
-984.602060
-984.600046
-984.600122
-984.602751
-984.608513
-984.612339
-984.611367
-984.608052
-984.605654
-984.605460
-984.605209
-984.608600
-984.611035
-984.610473
-984.610900
-984.610965
-984.613897
-984.619062
-984.622886
-984.628074
-984.626478
-984.625646
-984.624331
-984.624527
-984.625196
-984.623987
-984.619879
-984.614317
-984.611861
-984.612186
-984.618327
-984.626070
-984.629833
-984.630826
-984.626794
-984.617308
-984.608216
-984.601325
-984.600850
-984.601665
-984.604792
-984.607724
-984.610005
-984.612966
-984.611898
-984.610275
-984.608523
-984.605251
-984.601720
-984.598332
-984.594456
-984.592724
-984.598120
-984.603905
-984.608658
-984.610456
-984.608383
-984.603926
-984.601550
-984.603108
-984.608772
-984.615356
-984.615025
-984.615775
-984.616646
-984.619545
-984.623761
-984.630760
-984.636702
-984.637798
-984.632007
-984.621496
-984.610994
-984.606262
-984.609354
-984.619842
-984.634220
-984.649208
-984.663542
-984.673795
-984.679035
-984.670767
-984.655516
-984.631416
-984.604357
-984.586437
-984.582697
-984.591574
-984.606982
-984.622983
-984.635167
-984.640685
-984.640823
-984.631816
-984.621126
-984.611953
-984.604976
-984.603027
-984.603970
-984.609622
-984.614902
-984.617683
-984.614228
-984.608008
-984.600074
-984.596916
-984.601663
-984.608912
-984.625121
-984.641744
-984.654719
-984.659090
-984.653947
-984.640441
-984.621306
-984.603368
-984.595884
-984.597401
-984.610054
-984.628771
-984.646238
-984.655535
-984.658162
-984.650876
-984.641864
-984.629926
-984.616713
-984.608384
-984.603425
-984.603270
-984.611991
-984.621939
-984.630948
-984.634985
-984.632051
-984.624417
-984.615023
-984.609591
-984.606667
-984.610225
-984.614682
-984.619495
-984.621996
-984.621827
-984.622896
-984.623614
-984.624059
-984.622960
-984.623620
-984.625888
-984.624364
-984.625437
-984.628213
-984.628358
-984.629742
-984.628979
-984.627825
-984.623179
-984.617257
-984.610254
-984.609837
-984.614238
-984.626807
-984.642167
-984.658098
-984.671244
-984.674249
-984.664205
-984.645713
-984.623930
-984.605473
-984.595127
-984.594192
-984.605317
-984.626455
-984.650748
-984.670933
-984.680630
-984.681845
-984.672874
-984.654978
-984.634062
-984.616102
-984.605636
-984.603700
-984.609938
-984.620502
-984.631898
-984.638288
-984.637901
-984.637077
-984.633131
-984.632031
-984.631008
-984.627759
-984.622843
-984.616665
-984.609122
-984.602577
-984.599066
-984.598746
-984.601061
-984.603380
-984.606322
-984.607978
-984.607692
-984.606766
-984.605469
-984.604811
-984.603861
-984.605002
-984.607077
-984.611685
-984.620792
-984.626716
-984.629406
-984.625605
-984.617038
-984.609493
-984.608290
-984.612600
-984.621988
-984.628978
-984.635701
-984.636341
-984.633326
-984.632033
-984.637399
-984.640273
-984.642897
-984.640614
-984.637974
-984.633767
-984.629491
-984.628075
-984.626421
-984.630161
-984.636511
-984.641364
-984.645068
-984.645474
-984.643206
-984.638366
-984.627916
-984.616926
-984.608208
-984.602882
-984.606793
-984.617058
-984.629748
-984.639785
-984.642078
-984.636949
-984.625656
-984.613394
-984.602989
-984.600190
-984.604078
-984.614405
-984.624341
-984.633083
-984.633386
-984.624809
-984.613312
-984.604767
-984.603191
-984.613166
-984.628076
-984.641882
-984.650603
-984.652390
-984.646196
-984.638521
-984.629308
-984.619803
-984.616400
-984.618919
-984.626102
-984.629979
-984.634206
-984.633950
-984.630756
-984.626281
-984.626192
-984.628231
-984.631062
-984.632522
-984.634514
-984.633719
-984.628528
-984.620937
-984.615487
-984.608495
-984.606819
-984.611173
-984.619922
-984.630053
-984.636961
-984.637414
-984.633594
-984.625661
-984.620070
-984.613264
-984.609200
-984.610870
-984.616419
-984.622987
-984.627167
-984.628402
-984.624705
-984.621731
-984.621036
-984.622569
-984.625417
-984.627874
-984.628912
-984.623615
-984.618515
-984.613163
-984.608353
-984.608206
-984.607374
-984.607844
-984.611687
-984.616424
-984.626339
-984.635426
-984.642473
-984.644745
-984.641676
-984.634492
-984.627413
-984.620718
-984.617278
-984.616412
-984.620163
-984.624519
-984.630002
-984.634802
-984.636442
-984.633875
-984.626553
-984.622535
-984.618635
-984.615222
-984.611241
-984.610569
-984.613866
-984.617347
-984.619781
-984.620890
-984.619943
-984.617757
-984.617023
-984.614775
-984.613274
-984.609146
-984.605074
-984.600751
-984.599291
-984.600288
-984.601856
-984.603591
-984.603805
-984.601792
-984.602788
-984.601245
-984.599994
-984.598571
-984.600859
-984.604672
-984.609597
-984.614979
-984.617512
-984.615329
-984.609880
-984.603390
-984.597668
-984.593557
-984.595427
-984.599460
-984.608329
-984.619649
-984.629413
-984.633822
-984.632023
-984.622359
-984.610299
-984.599471
-984.593596
-984.594503
-984.599097
-984.602945
-984.608982
-984.613206
-984.614914
-984.615645
-984.615371
-984.612488
-984.608161
-984.604527
-984.600890
-984.599123
-984.598391
-984.598890
-984.599965
-984.602093
-984.602302
-984.600828
-984.596450
-984.596458
-984.601280
-984.606915
-984.609722
-984.611407
